#task:neighbor
35	94
353	555
57	748
209	403
99	263
4	721
121	283
83	349
19	620
83	134
80	551
407	675
226	621
4	19
82	132
16	93
273	610
384	477
366	460
413	653
66	304
82	276
2	5
8	339
540	622
586	775
11	114
65	642
79	84
64	102
359	454
144	305
153	263
45	57
29	81
440	551
65	66
83	136
148	554
82	270
368	440
83	158
303	448
3	7
13	497
418	630
82	159
118	398
11	314
#task:path_boolean
383	153	87
528	525	527
85	79	158 		
37	74	214		
651	521	523		
350	188	99
216	82	93		
57	90	151		
574	369	467		
671	612	408		
56	84	562
7	9	1		
775	404	587
481	599	386		
711	471	79	
765	581	766		
638	636	849		
